Rapport de classification :
               precision    recall  f1-score   support

           0       1.00      1.00      1.00        33
           1       1.00      1.00      1.00        28
           2       1.00      1.00      1.00        33
           3       1.00      0.97      0.99        34
           4       1.00      1.00      1.00        46
           5       0.98      0.98      0.98        47
           6       0.97      1.00      0.99        35
           7       0.97      0.97      0.97        34
           8       1.00      1.00      1.00        30
           9       0.97      0.97      0.97        40

    accuracy                           0.99       360
   macro avg       0.99      0.99      0.99       360
weighted avg       0.99      0.99      0.99       360